# This file was generated by Animated Java via MC-Build. It is not recommended to edit this file directly.
$data merge entity $(bone_leafw) {transformation: [-0.9962f,-0.0872f,0f,0f,-0.0868f,0.9924f,-0.0872f,0.1433f,0.0076f,-0.0868f,-0.9962f,-0.0109f,0f,0f,0f,1f],start_interpolation: 0,interpolation_duration: 1}
$data merge entity $(bone_leafs) {transformation: [-1f,0f,0f,0f,0f,0.999f,0.0436f,0.1433f,0f,0.0436f,-0.999f,-0.0109f,0f,0f,0f,1f],start_interpolation: 0,interpolation_duration: 1}
$data merge entity $(bone_leafn) {transformation: [-1f,0f,0f,0f,0f,0.9848f,-0.1736f,0.1433f,0f,-0.1736f,-0.9848f,-0.0109f,0f,0f,0f,1f],start_interpolation: 0,interpolation_duration: 1}
$data merge entity $(bone_leafe) {transformation: [-0.9962f,0.0872f,0f,0f,0.0868f,0.9924f,-0.0872f,0.1433f,-0.0076f,-0.0868f,-0.9962f,-0.0109f,0f,0f,0f,1f],start_interpolation: 0,interpolation_duration: 1}
$data merge entity $(bone_neck) {transformation: [-1f,0f,0f,0f,0f,0.9962f,-0.0872f,0.0187f,0f,-0.0872f,-0.9962f,0f,0f,0f,0f,1f],start_interpolation: 0,interpolation_duration: 1}