# This file was generated by Animated Java via MC-Build. It is not recommended to edit this file directly.
$data merge entity $(bone_leafw) {transformation: [-0.9848f,-0.1736f,0f,0f,-0.171f,0.9698f,-0.1736f,0.1419f,0.0302f,-0.171f,-0.9848f,-0.0217f,0f,0f,0f,1f],start_interpolation: 0,interpolation_duration: 1}
$data merge entity $(bone_leafs) {transformation: [-1f,0f,0f,0f,0f,0.9962f,0.0872f,0.1419f,0f,0.0872f,-0.9962f,-0.0217f,0f,0f,0f,1f],start_interpolation: 0,interpolation_duration: 1}
$data merge entity $(bone_leafn) {transformation: [-1f,0f,0f,0f,0f,0.9397f,-0.342f,0.1419f,0f,-0.342f,-0.9397f,-0.0217f,0f,0f,0f,1f],start_interpolation: 0,interpolation_duration: 1}
$data merge entity $(bone_leafe) {transformation: [-0.9848f,0.1736f,0f,0f,0.171f,0.9698f,-0.1736f,0.1419f,-0.0302f,-0.171f,-0.9848f,-0.0217f,0f,0f,0f,1f],start_interpolation: 0,interpolation_duration: 1}
$data merge entity $(bone_neck) {transformation: [-1f,0f,0f,0f,0f,0.9848f,-0.1736f,0.0187f,0f,-0.1736f,-0.9848f,0f,0f,0f,0f,1f],start_interpolation: 0,interpolation_duration: 1}