# This file was generated by Animated Java via MC-Build. It is not recommended to edit this file directly.
$data merge entity $(bone_leafw) {transformation: [-0.9749f,-0.2225f,0f,0f,-0.2169f,0.9505f,-0.2225f,0.1406f,0.0495f,-0.2169f,-0.9749f,-0.0278f,0f,0f,0f,1f],start_interpolation: 0,interpolation_duration: 1}
$data merge entity $(bone_leafs) {transformation: [-1f,0f,0f,0f,0f,0.9937f,0.112f,0.1406f,0f,0.112f,-0.9937f,-0.0278f,0f,0f,0f,1f],start_interpolation: 0,interpolation_duration: 1}
$data merge entity $(bone_leafn) {transformation: [-1f,0f,0f,0f,0f,0.901f,-0.4339f,0.1406f,0f,-0.4339f,-0.901f,-0.0278f,0f,0f,0f,1f],start_interpolation: 0,interpolation_duration: 1}
$data merge entity $(bone_leafe) {transformation: [-0.9749f,0.2225f,0f,0f,0.2169f,0.9505f,-0.2225f,0.1406f,-0.0495f,-0.2169f,-0.9749f,-0.0278f,0f,0f,0f,1f],start_interpolation: 0,interpolation_duration: 1}
$data merge entity $(bone_neck) {transformation: [-1f,0f,0f,0f,0f,0.9749f,-0.2225f,0.0187f,0f,-0.2225f,-0.9749f,0f,0f,0f,0f,1f],start_interpolation: 0,interpolation_duration: 1}