# This file was generated by Animated Java via MC-Build. It is not recommended to edit this file directly.
$data merge entity $(bone_leafw) {transformation: [-0.9826f,-0.1859f,0f,0f,-0.1827f,0.9654f,-0.1859f,0.1416f,0.0346f,-0.1827f,-0.9826f,-0.0232f,0f,0f,0f,1f],start_interpolation: 0,interpolation_duration: 1}
$data merge entity $(bone_leafs) {transformation: [-1f,0f,0f,0f,0f,0.9956f,0.0934f,0.1416f,0f,0.0934f,-0.9956f,-0.0232f,0f,0f,0f,1f],start_interpolation: 0,interpolation_duration: 1}
$data merge entity $(bone_leafn) {transformation: [-1f,0f,0f,0f,0f,0.9309f,-0.3653f,0.1416f,0f,-0.3653f,-0.9309f,-0.0232f,0f,0f,0f,1f],start_interpolation: 0,interpolation_duration: 1}
$data merge entity $(bone_leafe) {transformation: [-0.9826f,0.1859f,0f,0f,0.1827f,0.9654f,-0.1859f,0.1416f,-0.0346f,-0.1827f,-0.9826f,-0.0232f,0f,0f,0f,1f],start_interpolation: 0,interpolation_duration: 1}
$data merge entity $(bone_neck) {transformation: [-1f,0f,0f,0f,0f,0.9826f,-0.1859f,0.0187f,0f,-0.1859f,-0.9826f,0f,0f,0f,0f,1f],start_interpolation: 0,interpolation_duration: 1}