# This file was generated by Animated Java via MC-Build. It is not recommended to edit this file directly.
$data merge entity $(bone_leafw) {transformation: [-0.9888f,-0.149f,0f,0f,-0.1474f,0.9778f,-0.149f,0.1424f,0.0222f,-0.1474f,-0.9888f,-0.0186f,0f,0f,0f,1f],start_interpolation: 0,interpolation_duration: 1}
$data merge entity $(bone_leafs) {transformation: [-1f,0f,0f,0f,0f,0.9972f,0.0747f,0.1424f,0f,0.0747f,-0.9972f,-0.0186f,0f,0f,0f,1f],start_interpolation: 0,interpolation_duration: 1}
$data merge entity $(bone_leafn) {transformation: [-1f,0f,0f,0f,0f,0.9556f,-0.2948f,0.1424f,0f,-0.2948f,-0.9556f,-0.0186f,0f,0f,0f,1f],start_interpolation: 0,interpolation_duration: 1}
$data merge entity $(bone_leafe) {transformation: [-0.9888f,0.149f,0f,0f,0.1474f,0.9778f,-0.149f,0.1424f,-0.0222f,-0.1474f,-0.9888f,-0.0186f,0f,0f,0f,1f],start_interpolation: 0,interpolation_duration: 1}
$data merge entity $(bone_neck) {transformation: [-1f,0f,0f,0f,0f,0.9888f,-0.149f,0.0187f,0f,-0.149f,-0.9888f,0f,0f,0f,0f,1f],start_interpolation: 0,interpolation_duration: 1}