# This file was generated by Animated Java via MC-Build. It is not recommended to edit this file directly.
$data merge entity $(bone_leafw) {transformation: [-0.9993f,-0.0374f,0f,0f,-0.0374f,0.9986f,-0.0374f,0.1437f,0.0014f,-0.0374f,-0.9993f,-0.0047f,0f,0f,0f,1f],start_interpolation: 0,interpolation_duration: 1}
$data merge entity $(bone_leafs) {transformation: [-1f,0f,0f,0f,0f,0.9998f,0.0187f,0.1437f,0f,0.0187f,-0.9998f,-0.0047f,0f,0f,0f,1f],start_interpolation: 0,interpolation_duration: 1}
$data merge entity $(bone_leafn) {transformation: [-1f,0f,0f,0f,0f,0.9972f,-0.0747f,0.1437f,0f,-0.0747f,-0.9972f,-0.0047f,0f,0f,0f,1f],start_interpolation: 0,interpolation_duration: 1}
$data merge entity $(bone_leafe) {transformation: [-0.9993f,0.0374f,0f,0f,0.0374f,0.9986f,-0.0374f,0.1437f,-0.0014f,-0.0374f,-0.9993f,-0.0047f,0f,0f,0f,1f],start_interpolation: 0,interpolation_duration: 1}
$data merge entity $(bone_neck) {transformation: [-1f,0f,0f,0f,0f,0.9993f,-0.0374f,0.0187f,0f,-0.0374f,-0.9993f,0f,0f,0f,0f,1f],start_interpolation: 0,interpolation_duration: 1}