# This file was generated by Animated Java via MC-Build. It is not recommended to edit this file directly.
$data merge entity $(bone_leafw) {transformation: [-0.9999f,0.0109f,0f,0f,0.0109f,0.9988f,-0.048f,0.1152f,-0.0005f,-0.048f,-0.9988f,-0.0227f,0f,0f,0f,1f],start_interpolation: 0,interpolation_duration: 1}
$data merge entity $(bone_leafs) {transformation: [-1f,0f,0f,0f,0f,0.9983f,-0.0589f,0.1152f,0f,-0.0589f,-0.9983f,-0.0227f,0f,0f,0f,1f],start_interpolation: 0,interpolation_duration: 1}
$data merge entity $(bone_leafn) {transformation: [-1f,0f,0f,0f,0f,0.9993f,-0.0371f,0.1152f,0f,-0.0371f,-0.9993f,-0.0227f,0f,0f,0f,1f],start_interpolation: 0,interpolation_duration: 1}
$data merge entity $(bone_leafe) {transformation: [-0.9999f,-0.0109f,0f,0f,-0.0109f,0.9988f,-0.048f,0.1152f,0.0005f,-0.048f,-0.9988f,-0.0227f,0f,0f,0f,1f],start_interpolation: 0,interpolation_duration: 1}
$data merge entity $(bone_neck) {transformation: [-1f,0f,0f,0f,0f,0.9988f,-0.048f,-0.0097f,0f,-0.048f,-0.9988f,-0.0167f,0f,0f,0f,1f],start_interpolation: 0,interpolation_duration: 1}
$data merge entity $(bone_body) {transformation: [-1f,0f,0f,0f,0f,0.9988f,-0.048f,-0.2594f,0f,-0.048f,-0.9988f,-0.0047f,0f,0f,0f,1f],start_interpolation: 0,interpolation_duration: 1}
$data merge entity $(bone_left) {transformation: [-0.9979f,0.003f,-0.065f,0f,0.0133f,0.9873f,-0.1586f,-0.2594f,0.0637f,-0.1591f,-0.9852f,-0.0047f,0f,0f,0f,1f],start_interpolation: 0,interpolation_duration: 1}
$data merge entity $(bone_right) {transformation: [-0.999f,-0.0122f,0.0435f,0f,-0.0193f,0.9859f,-0.1664f,-0.2594f,-0.0409f,-0.167f,-0.9851f,-0.0047f,0f,0f,0f,1f],start_interpolation: 0,interpolation_duration: 1}