# This file was generated by Animated Java via MC-Build. It is not recommended to edit this file directly.
$data merge entity $(bone_leafw) {transformation: [-0.9941f,0.1089f,0f,0f,0.0966f,0.8817f,-0.4617f,-0.1799f,-0.0503f,-0.459f,-0.887f,-0.22f,0f,0f,0f,1f],start_interpolation: 0,interpolation_duration: 1}
$data merge entity $(bone_leafs) {transformation: [-1f,0f,0f,0f,0f,0.8315f,-0.5556f,-0.1799f,0f,-0.5556f,-0.8315f,-0.22f,0f,0f,0f,1f],start_interpolation: 0,interpolation_duration: 1}
$data merge entity $(bone_leafn) {transformation: [-1f,0f,0f,0f,0f,0.932f,-0.3624f,-0.1799f,0f,-0.3624f,-0.932f,-0.22f,0f,0f,0f,1f],start_interpolation: 0,interpolation_duration: 1}
$data merge entity $(bone_leafe) {transformation: [-0.9941f,-0.1089f,0f,0f,-0.0966f,0.8817f,-0.4617f,-0.1799f,0.0503f,-0.459f,-0.887f,-0.22f,0f,0f,0f,1f],start_interpolation: 0,interpolation_duration: 1}
$data merge entity $(bone_neck) {transformation: [-1f,0f,0f,0f,0f,0.887f,-0.4617f,-0.2907f,0f,-0.4617f,-0.887f,-0.1623f,0f,0f,0f,1f],start_interpolation: 0,interpolation_duration: 1}
$data merge entity $(bone_body) {transformation: [-1f,0f,0f,0f,0f,0.887f,-0.4617f,-0.5125f,0f,-0.4617f,-0.887f,-0.0469f,0f,0f,0f,1f],start_interpolation: 0,interpolation_duration: 1}
$data merge entity $(bone_left) {transformation: [-0.7961f,-0.4926f,-0.3516f,0f,0.3494f,0.1003f,-0.9316f,-0.5125f,0.4941f,-0.8645f,0.0923f,-0.0469f,0f,0f,0f,1f],start_interpolation: 0,interpolation_duration: 1}
$data merge entity $(bone_right) {transformation: [-0.9003f,0.31f,0.3055f,0f,-0.327f,-0.0184f,-0.9449f,-0.5125f,-0.2873f,-0.9506f,0.1179f,-0.0469f,0f,0f,0f,1f],start_interpolation: 0,interpolation_duration: 1}