# This file was generated by Animated Java via MC-Build. It is not recommended to edit this file directly.
$data merge entity $(bone_leafw) {transformation: [-0.9928f,0.1197f,0f,0f,0.1062f,0.8806f,-0.4617f,-0.1799f,-0.0553f,-0.4584f,-0.887f,-0.22f,0f,0f,0f,1f],start_interpolation: 0,interpolation_duration: 1}
$data merge entity $(bone_leafs) {transformation: [-1f,0f,0f,0f,0f,0.8254f,-0.5646f,-0.1799f,0f,-0.5646f,-0.8254f,-0.22f,0f,0f,0f,1f],start_interpolation: 0,interpolation_duration: 1}
$data merge entity $(bone_leafn) {transformation: [-1f,0f,0f,0f,0f,0.9359f,-0.3523f,-0.1799f,0f,-0.3523f,-0.9359f,-0.22f,0f,0f,0f,1f],start_interpolation: 0,interpolation_duration: 1}
$data merge entity $(bone_leafe) {transformation: [-0.9928f,-0.1197f,0f,0f,-0.1062f,0.8806f,-0.4617f,-0.1799f,0.0553f,-0.4584f,-0.887f,-0.22f,0f,0f,0f,1f],start_interpolation: 0,interpolation_duration: 1}