# This file was generated by Animated Java via MC-Build. It is not recommended to edit this file directly.
$data merge entity $(bone_leafw) {transformation: [-0.9914f,0.1305f,0f,0f,0.1158f,0.8794f,-0.4617f,-0.1799f,-0.0603f,-0.4578f,-0.887f,-0.22f,0f,0f,0f,1f],start_interpolation: 0,interpolation_duration: 1}
$data merge entity $(bone_leafs) {transformation: [-1f,0f,0f,0f,0f,0.8192f,-0.5736f,-0.1799f,0f,-0.5736f,-0.8192f,-0.22f,0f,0f,0f,1f],start_interpolation: 0,interpolation_duration: 1}
$data merge entity $(bone_leafn) {transformation: [-1f,0f,0f,0f,0f,0.9397f,-0.342f,-0.1799f,0f,-0.342f,-0.9397f,-0.22f,0f,0f,0f,1f],start_interpolation: 0,interpolation_duration: 1}
$data merge entity $(bone_leafe) {transformation: [-0.9914f,-0.1305f,0f,0f,-0.1158f,0.8794f,-0.4617f,-0.1799f,0.0603f,-0.4578f,-0.887f,-0.22f,0f,0f,0f,1f],start_interpolation: 0,interpolation_duration: 1}