# This file was generated by Animated Java via MC-Build. It is not recommended to edit this file directly.
$data merge entity $(bone_leafw) {transformation: [-0.99f,0.1413f,0f,0f,0.1254f,0.8781f,-0.4617f,-0.1799f,-0.0653f,-0.4571f,-0.887f,-0.22f,0f,0f,0f,1f],start_interpolation: 0,interpolation_duration: 1}
$data merge entity $(bone_leafs) {transformation: [-1f,0f,0f,0f,0f,0.8128f,-0.5825f,-0.1799f,0f,-0.5825f,-0.8128f,-0.22f,0f,0f,0f,1f],start_interpolation: 0,interpolation_duration: 1}
$data merge entity $(bone_leafn) {transformation: [-1f,0f,0f,0f,0f,0.9434f,-0.3317f,-0.1799f,0f,-0.3317f,-0.9434f,-0.22f,0f,0f,0f,1f],start_interpolation: 0,interpolation_duration: 1}
$data merge entity $(bone_leafe) {transformation: [-0.99f,-0.1413f,0f,0f,-0.1254f,0.8781f,-0.4617f,-0.1799f,0.0653f,-0.4571f,-0.887f,-0.22f,0f,0f,0f,1f],start_interpolation: 0,interpolation_duration: 1}