# This file was generated by Animated Java via MC-Build. It is not recommended to edit this file directly.
$data merge entity $(bone_leafw) {transformation: [-0.9884f,0.1521f,0f,0f,0.1349f,0.8767f,-0.4617f,-0.1799f,-0.0702f,-0.4564f,-0.887f,-0.22f,0f,0f,0f,1f],start_interpolation: 0,interpolation_duration: 1}
$data merge entity $(bone_leafs) {transformation: [-1f,0f,0f,0f,0f,0.8064f,-0.5913f,-0.1799f,0f,-0.5913f,-0.8064f,-0.22f,0f,0f,0f,1f],start_interpolation: 0,interpolation_duration: 1}
$data merge entity $(bone_leafn) {transformation: [-1f,0f,0f,0f,0f,0.9469f,-0.3214f,-0.1799f,0f,-0.3214f,-0.9469f,-0.22f,0f,0f,0f,1f],start_interpolation: 0,interpolation_duration: 1}
$data merge entity $(bone_leafe) {transformation: [-0.9884f,-0.1521f,0f,0f,-0.1349f,0.8767f,-0.4617f,-0.1799f,0.0702f,-0.4564f,-0.887f,-0.22f,0f,0f,0f,1f],start_interpolation: 0,interpolation_duration: 1}