# This file was generated by Animated Java via MC-Build. It is not recommended to edit this file directly.
$data merge entity $(bone_leafw) {transformation: [-0.9866f,0.1629f,0f,0f,0.1445f,0.8752f,-0.4617f,-0.1799f,-0.0752f,-0.4556f,-0.887f,-0.22f,0f,0f,0f,1f],start_interpolation: 0,interpolation_duration: 1}
$data merge entity $(bone_leafs) {transformation: [-1f,0f,0f,0f,0f,0.7999f,-0.6001f,-0.1799f,0f,-0.6001f,-0.7999f,-0.22f,0f,0f,0f,1f],start_interpolation: 0,interpolation_duration: 1}
$data merge entity $(bone_leafn) {transformation: [-1f,0f,0f,0f,0f,0.9504f,-0.3111f,-0.1799f,0f,-0.3111f,-0.9504f,-0.22f,0f,0f,0f,1f],start_interpolation: 0,interpolation_duration: 1}
$data merge entity $(bone_leafe) {transformation: [-0.9866f,-0.1629f,0f,0f,-0.1445f,0.8752f,-0.4617f,-0.1799f,0.0752f,-0.4556f,-0.887f,-0.22f,0f,0f,0f,1f],start_interpolation: 0,interpolation_duration: 1}