# This file was generated by Animated Java via MC-Build. It is not recommended to edit this file directly.
$data merge entity $(bone_leafw) {transformation: [-0.9848f,0.1736f,0f,0f,0.154f,0.8735f,-0.4617f,-0.1799f,-0.0802f,-0.4547f,-0.887f,-0.22f,0f,0f,0f,1f],start_interpolation: 0,interpolation_duration: 1}
$data merge entity $(bone_leafs) {transformation: [-1f,0f,0f,0f,0f,0.7934f,-0.6088f,-0.1799f,0f,-0.6088f,-0.7934f,-0.22f,0f,0f,0f,1f],start_interpolation: 0,interpolation_duration: 1}
$data merge entity $(bone_leafn) {transformation: [-1f,0f,0f,0f,0f,0.9537f,-0.3007f,-0.1799f,0f,-0.3007f,-0.9537f,-0.22f,0f,0f,0f,1f],start_interpolation: 0,interpolation_duration: 1}
$data merge entity $(bone_leafe) {transformation: [-0.9848f,-0.1736f,0f,0f,-0.154f,0.8735f,-0.4617f,-0.1799f,0.0802f,-0.4547f,-0.887f,-0.22f,0f,0f,0f,1f],start_interpolation: 0,interpolation_duration: 1}