# This file was generated by Animated Java via MC-Build. It is not recommended to edit this file directly.
$data merge entity $(bone_leafw) {transformation: [-0.9829f,0.1844f,0f,0f,0.1635f,0.8718f,-0.4617f,-0.1799f,-0.0851f,-0.4538f,-0.887f,-0.22f,0f,0f,0f,1f],start_interpolation: 0,interpolation_duration: 1}
$data merge entity $(bone_leafs) {transformation: [-1f,0f,0f,0f,0f,0.7867f,-0.6174f,-0.1799f,0f,-0.6174f,-0.7867f,-0.22f,0f,0f,0f,1f],start_interpolation: 0,interpolation_duration: 1}
$data merge entity $(bone_leafn) {transformation: [-1f,0f,0f,0f,0f,0.9569f,-0.2903f,-0.1799f,0f,-0.2903f,-0.9569f,-0.22f,0f,0f,0f,1f],start_interpolation: 0,interpolation_duration: 1}
$data merge entity $(bone_leafe) {transformation: [-0.9829f,-0.1844f,0f,0f,-0.1635f,0.8718f,-0.4617f,-0.1799f,0.0851f,-0.4538f,-0.887f,-0.22f,0f,0f,0f,1f],start_interpolation: 0,interpolation_duration: 1}