# This file was generated by Animated Java via MC-Build. It is not recommended to edit this file directly.
$data merge entity $(bone_leafw) {transformation: [-0.9808f,0.1951f,0f,0f,0.173f,0.87f,-0.4617f,-0.1799f,-0.0901f,-0.4529f,-0.887f,-0.22f,0f,0f,0f,1f],start_interpolation: 0,interpolation_duration: 1}
$data merge entity $(bone_leafs) {transformation: [-1f,0f,0f,0f,0f,0.7799f,-0.6259f,-0.1799f,0f,-0.6259f,-0.7799f,-0.22f,0f,0f,0f,1f],start_interpolation: 0,interpolation_duration: 1}
$data merge entity $(bone_leafn) {transformation: [-1f,0f,0f,0f,0f,0.96f,-0.2798f,-0.1799f,0f,-0.2798f,-0.96f,-0.22f,0f,0f,0f,1f],start_interpolation: 0,interpolation_duration: 1}
$data merge entity $(bone_leafe) {transformation: [-0.9808f,-0.1951f,0f,0f,-0.173f,0.87f,-0.4617f,-0.1799f,0.0901f,-0.4529f,-0.887f,-0.22f,0f,0f,0f,1f],start_interpolation: 0,interpolation_duration: 1}