# This file was generated by Animated Java via MC-Build. It is not recommended to edit this file directly.
$data merge entity $(bone_leafw) {transformation: [-0.9786f,0.2058f,0f,0f,0.1825f,0.868f,-0.4617f,-0.1799f,-0.095f,-0.4519f,-0.887f,-0.22f,0f,0f,0f,1f],start_interpolation: 0,interpolation_duration: 1}
$data merge entity $(bone_leafs) {transformation: [-1f,0f,0f,0f,0f,0.773f,-0.6344f,-0.1799f,0f,-0.6344f,-0.773f,-0.22f,0f,0f,0f,1f],start_interpolation: 0,interpolation_duration: 1}
$data merge entity $(bone_leafn) {transformation: [-1f,0f,0f,0f,0f,0.963f,-0.2693f,-0.1799f,0f,-0.2693f,-0.963f,-0.22f,0f,0f,0f,1f],start_interpolation: 0,interpolation_duration: 1}
$data merge entity $(bone_leafe) {transformation: [-0.9786f,-0.2058f,0f,0f,-0.1825f,0.868f,-0.4617f,-0.1799f,0.095f,-0.4519f,-0.887f,-0.22f,0f,0f,0f,1f],start_interpolation: 0,interpolation_duration: 1}