# This file was generated by Animated Java via MC-Build. It is not recommended to edit this file directly.
$data merge entity $(bone_leafw) {transformation: [-0.9998f,0.0218f,0f,0f,0.0217f,0.9952f,-0.0958f,0.0858f,-0.0021f,-0.0958f,-0.9954f,-0.0453f,0f,0f,0f,1f],start_interpolation: 0,interpolation_duration: 1}
$data merge entity $(bone_leafs) {transformation: [-1f,0f,0f,0f,0f,0.9931f,-0.1175f,0.0858f,0f,-0.1175f,-0.9931f,-0.0453f,0f,0f,0f,1f],start_interpolation: 0,interpolation_duration: 1}
$data merge entity $(bone_leafn) {transformation: [-1f,0f,0f,0f,0f,0.9973f,-0.0741f,0.0858f,0f,-0.0741f,-0.9973f,-0.0453f,0f,0f,0f,1f],start_interpolation: 0,interpolation_duration: 1}
$data merge entity $(bone_leafe) {transformation: [-0.9998f,-0.0218f,0f,0f,-0.0217f,0.9952f,-0.0958f,0.0858f,0.0021f,-0.0958f,-0.9954f,-0.0453f,0f,0f,0f,1f],start_interpolation: 0,interpolation_duration: 1}
$data merge entity $(bone_neck) {transformation: [-1f,0f,0f,0f,0f,0.9954f,-0.0958f,-0.0387f,0f,-0.0958f,-0.9954f,-0.0333f,0f,0f,0f,1f],start_interpolation: 0,interpolation_duration: 1}
$data merge entity $(bone_body) {transformation: [-1f,0f,0f,0f,0f,0.9954f,-0.0958f,-0.2875f,0f,-0.0958f,-0.9954f,-0.0094f,0f,0f,0f,1f],start_interpolation: 0,interpolation_duration: 1}
$data merge entity $(bone_left) {transformation: [-0.9915f,-0.0085f,-0.1296f,0f,0.0325f,0.9498f,-0.3113f,-0.2875f,0.1257f,-0.3129f,-0.9414f,-0.0094f,0f,0f,0f,1f],start_interpolation: 0,interpolation_duration: 1}
$data merge entity $(bone_right) {transformation: [-0.9959f,-0.0138f,0.0893f,0f,-0.0423f,0.9443f,-0.3263f,-0.2875f,-0.0798f,-0.3288f,-0.941f,-0.0094f,0f,0f,0f,1f],start_interpolation: 0,interpolation_duration: 1}