# This file was generated by Animated Java via MC-Build. It is not recommended to edit this file directly.
$data merge entity $(bone_leafw) {transformation: [-0.9763f,0.2164f,0f,0f,0.192f,0.866f,-0.4617f,-0.1799f,-0.0999f,-0.4508f,-0.887f,-0.22f,0f,0f,0f,1f],start_interpolation: 0,interpolation_duration: 1}
$data merge entity $(bone_leafs) {transformation: [-1f,0f,0f,0f,0f,0.766f,-0.6428f,-0.1799f,0f,-0.6428f,-0.766f,-0.22f,0f,0f,0f,1f],start_interpolation: 0,interpolation_duration: 1}
$data merge entity $(bone_leafn) {transformation: [-1f,0f,0f,0f,0f,0.9659f,-0.2588f,-0.1799f,0f,-0.2588f,-0.9659f,-0.22f,0f,0f,0f,1f],start_interpolation: 0,interpolation_duration: 1}
$data merge entity $(bone_leafe) {transformation: [-0.9763f,-0.2164f,0f,0f,-0.192f,0.866f,-0.4617f,-0.1799f,0.0999f,-0.4508f,-0.887f,-0.22f,0f,0f,0f,1f],start_interpolation: 0,interpolation_duration: 1}