# This file was generated by Animated Java via MC-Build. It is not recommended to edit this file directly.
$data merge entity $(bone_leafw) {transformation: [-0.9995f,0.0327f,0f,0f,0.0324f,0.9891f,-0.1435f,0.0555f,-0.0047f,-0.1434f,-0.9897f,-0.0679f,0f,0f,0f,1f],start_interpolation: 0,interpolation_duration: 1}
$data merge entity $(bone_leafs) {transformation: [-1f,0f,0f,0f,0f,0.9844f,-0.1758f,0.0555f,0f,-0.1758f,-0.9844f,-0.0679f,0f,0f,0f,1f],start_interpolation: 0,interpolation_duration: 1}
$data merge entity $(bone_leafn) {transformation: [-1f,0f,0f,0f,0f,0.9938f,-0.111f,0.0555f,0f,-0.111f,-0.9938f,-0.0679f,0f,0f,0f,1f],start_interpolation: 0,interpolation_duration: 1}
$data merge entity $(bone_leafe) {transformation: [-0.9995f,-0.0327f,0f,0f,-0.0324f,0.9891f,-0.1435f,0.0555f,0.0047f,-0.1434f,-0.9897f,-0.0679f,0f,0f,0f,1f],start_interpolation: 0,interpolation_duration: 1}
$data merge entity $(bone_neck) {transformation: [-1f,0f,0f,0f,0f,0.9897f,-0.1435f,-0.0682f,0f,-0.1435f,-0.9897f,-0.0499f,0f,0f,0f,1f],start_interpolation: 0,interpolation_duration: 1}
$data merge entity $(bone_body) {transformation: [-1f,0f,0f,0f,0f,0.9897f,-0.1435f,-0.3156f,0f,-0.1435f,-0.9897f,-0.0141f,0f,0f,0f,1f],start_interpolation: 0,interpolation_duration: 1}
$data merge entity $(bone_left) {transformation: [-0.981f,-0.0342f,-0.191f,0f,0.0573f,0.8893f,-0.4537f,-0.3156f,0.1854f,-0.4561f,-0.8704f,-0.0141f,0f,0f,0f,1f],start_interpolation: 0,interpolation_duration: 1}
$data merge entity $(bone_right) {transformation: [-0.9908f,-0.0046f,0.1351f,0f,-0.0689f,0.8772f,-0.4752f,-0.3156f,-0.1163f,-0.4802f,-0.8694f,-0.0141f,0f,0f,0f,1f],start_interpolation: 0,interpolation_duration: 1}