# This file was generated by Animated Java via MC-Build. It is not recommended to edit this file directly.
$data merge entity $(bone_leafw) {transformation: [-0.999f,0.0436f,0f,0f,0.0428f,0.9807f,-0.1908f,0.0244f,-0.0083f,-0.1906f,-0.9816f,-0.0903f,0f,0f,0f,1f],start_interpolation: 0,interpolation_duration: 1}
$data merge entity $(bone_leafs) {transformation: [-1f,0f,0f,0f,0f,0.9724f,-0.2334f,0.0244f,0f,-0.2334f,-0.9724f,-0.0903f,0f,0f,0f,1f],start_interpolation: 0,interpolation_duration: 1}
$data merge entity $(bone_leafn) {transformation: [-1f,0f,0f,0f,0f,0.989f,-0.1478f,0.0244f,0f,-0.1478f,-0.989f,-0.0903f,0f,0f,0f,1f],start_interpolation: 0,interpolation_duration: 1}
$data merge entity $(bone_leafe) {transformation: [-0.999f,-0.0436f,0f,0f,-0.0428f,0.9807f,-0.1908f,0.0244f,0.0083f,-0.1906f,-0.9816f,-0.0903f,0f,0f,0f,1f],start_interpolation: 0,interpolation_duration: 1}
$data merge entity $(bone_neck) {transformation: [-1f,0f,0f,0f,0f,0.9816f,-0.1908f,-0.0983f,0f,-0.1908f,-0.9816f,-0.0665f,0f,0f,0f,1f],start_interpolation: 0,interpolation_duration: 1}
$data merge entity $(bone_body) {transformation: [-1f,0f,0f,0f,0f,0.9816f,-0.1908f,-0.3437f,0f,-0.1908f,-0.9816f,-0.0188f,0f,0f,0f,1f],start_interpolation: 0,interpolation_duration: 1}
$data merge entity $(bone_left) {transformation: [-0.9663f,-0.0733f,-0.2468f,0f,0.0874f,0.8084f,-0.5821f,-0.3437f,0.2422f,-0.5841f,-0.7747f,-0.0188f,0f,0f,0f,1f],start_interpolation: 0,interpolation_duration: 1}
$data merge entity $(bone_right) {transformation: [-0.9837f,0.0152f,0.1791f,0f,-0.0987f,0.7871f,-0.6089f,-0.3437f,-0.1503f,-0.6166f,-0.7728f,-0.0188f,0f,0f,0f,1f],start_interpolation: 0,interpolation_duration: 1}