# This file was generated by Animated Java via MC-Build. It is not recommended to edit this file directly.
$data merge entity $(bone_leafw) {transformation: [-0.9985f,0.0545f,0f,0f,0.053f,0.9699f,-0.2377f,-0.0076f,-0.013f,-0.2373f,-0.9713f,-0.1126f,0f,0f,0f,1f],start_interpolation: 0,interpolation_duration: 1}
$data merge entity $(bone_leafs) {transformation: [-1f,0f,0f,0f,0f,0.9569f,-0.2903f,-0.0076f,0f,-0.2903f,-0.9569f,-0.1126f,0f,0f,0f,1f],start_interpolation: 0,interpolation_duration: 1}
$data merge entity $(bone_leafn) {transformation: [-1f,0f,0f,0f,0f,0.9829f,-0.1844f,-0.0076f,0f,-0.1844f,-0.9829f,-0.1126f,0f,0f,0f,1f],start_interpolation: 0,interpolation_duration: 1}
$data merge entity $(bone_leafe) {transformation: [-0.9985f,-0.0545f,0f,0f,-0.053f,0.9699f,-0.2377f,-0.0076f,0.013f,-0.2373f,-0.9713f,-0.1126f,0f,0f,0f,1f],start_interpolation: 0,interpolation_duration: 1}
$data merge entity $(bone_neck) {transformation: [-1f,0f,0f,0f,0f,0.9713f,-0.2377f,-0.129f,0f,-0.2377f,-0.9713f,-0.0829f,0f,0f,0f,1f],start_interpolation: 0,interpolation_duration: 1}
$data merge entity $(bone_body) {transformation: [-1f,0f,0f,0f,0f,0.9713f,-0.2377f,-0.3719f,0f,-0.2377f,-0.9713f,-0.0234f,0f,0f,0f,1f],start_interpolation: 0,interpolation_duration: 1}
$data merge entity $(bone_left) {transformation: [-0.9475f,-0.1244f,-0.2946f,0f,0.1223f,0.7103f,-0.6932f,-0.3719f,0.2954f,-0.6928f,-0.6578f,-0.0234f,0f,0f,0f,1f],start_interpolation: 0,interpolation_duration: 1}
$data merge entity $(bone_right) {transformation: [-0.9746f,0.0453f,0.2193f,0f,-0.1314f,0.6774f,-0.7237f,-0.3719f,-0.1814f,-0.7342f,-0.6543f,-0.0234f,0f,0f,0f,1f],start_interpolation: 0,interpolation_duration: 1}