# This file was generated by Animated Java via MC-Build. It is not recommended to edit this file directly.
$data merge entity $(bone_leafw) {transformation: [-0.9979f,0.0654f,0f,0f,0.0627f,0.9568f,-0.284f,-0.0404f,-0.0186f,-0.2834f,-0.9588f,-0.1346f,0f,0f,0f,1f],start_interpolation: 0,interpolation_duration: 1}
$data merge entity $(bone_leafs) {transformation: [-1f,0f,0f,0f,0f,0.9382f,-0.3461f,-0.0404f,0f,-0.3461f,-0.9382f,-0.1346f,0f,0f,0f,1f],start_interpolation: 0,interpolation_duration: 1}
$data merge entity $(bone_leafn) {transformation: [-1f,0f,0f,0f,0f,0.9753f,-0.2207f,-0.0404f,0f,-0.2207f,-0.9753f,-0.1346f,0f,0f,0f,1f],start_interpolation: 0,interpolation_duration: 1}
$data merge entity $(bone_leafe) {transformation: [-0.9979f,-0.0654f,0f,0f,-0.0627f,0.9568f,-0.284f,-0.0404f,0.0186f,-0.2834f,-0.9588f,-0.1346f,0f,0f,0f,1f],start_interpolation: 0,interpolation_duration: 1}
$data merge entity $(bone_neck) {transformation: [-1f,0f,0f,0f,0f,0.9588f,-0.284f,-0.1603f,0f,-0.284f,-0.9588f,-0.0991f,0f,0f,0f,1f],start_interpolation: 0,interpolation_duration: 1}
$data merge entity $(bone_body) {transformation: [-1f,0f,0f,0f,0f,0.9588f,-0.284f,-0.4f,0f,-0.284f,-0.9588f,-0.0281f,0f,0f,0f,1f],start_interpolation: 0,interpolation_duration: 1}
$data merge entity $(bone_left) {transformation: [-0.9247f,-0.1859f,-0.3321f,0f,0.1614f,0.5987f,-0.7846f,-0.4f,0.3447f,-0.7791f,-0.5236f,-0.0281f,0f,0f,0f,1f],start_interpolation: 0,interpolation_duration: 1}
$data merge entity $(bone_right) {transformation: [-0.9635f,0.0847f,0.2539f,0f,-0.1667f,0.5521f,-0.8169f,-0.4f,-0.2094f,-0.8295f,-0.5178f,-0.0281f,0f,0f,0f,1f],start_interpolation: 0,interpolation_duration: 1}