# This file was generated by Animated Java via MC-Build. It is not recommended to edit this file directly.
$data merge entity $(bone_leafw) {transformation: [-0.9971f,0.0763f,0f,0f,0.072f,0.9413f,-0.3297f,-0.0741f,-0.0252f,-0.3287f,-0.9441f,-0.1564f,0f,0f,0f,1f],start_interpolation: 0,interpolation_duration: 1}
$data merge entity $(bone_leafs) {transformation: [-1f,0f,0f,0f,0f,0.9162f,-0.4007f,-0.0741f,0f,-0.4007f,-0.9162f,-0.1564f,0f,0f,0f,1f],start_interpolation: 0,interpolation_duration: 1}
$data merge entity $(bone_leafn) {transformation: [-1f,0f,0f,0f,0f,0.9665f,-0.2567f,-0.0741f,0f,-0.2567f,-0.9665f,-0.1564f,0f,0f,0f,1f],start_interpolation: 0,interpolation_duration: 1}
$data merge entity $(bone_leafe) {transformation: [-0.9971f,-0.0763f,0f,0f,-0.072f,0.9413f,-0.3297f,-0.0741f,0.0252f,-0.3287f,-0.9441f,-0.1564f,0f,0f,0f,1f],start_interpolation: 0,interpolation_duration: 1}
$data merge entity $(bone_neck) {transformation: [-1f,0f,0f,0f,0f,0.9441f,-0.3297f,-0.1921f,0f,-0.3297f,-0.9441f,-0.1152f,0f,0f,0f,1f],start_interpolation: 0,interpolation_duration: 1}
$data merge entity $(bone_body) {transformation: [-1f,0f,0f,0f,0f,0.9441f,-0.3297f,-0.4281f,0f,-0.3297f,-0.9441f,-0.0328f,0f,0f,0f,1f],start_interpolation: 0,interpolation_duration: 1}
$data merge entity $(bone_left) {transformation: [-0.8981f,-0.2559f,-0.3578f,0f,0.2043f,0.4777f,-0.8545f,-0.4281f,0.3895f,-0.8405f,-0.3767f,-0.0328f,0f,0f,0f,1f],start_interpolation: 0,interpolation_duration: 1}
$data merge entity $(bone_right) {transformation: [-0.9505f,0.1324f,0.2811f,0f,-0.2043f,0.4153f,-0.8864f,-0.4281f,-0.2341f,-0.9f,-0.3677f,-0.0328f,0f,0f,0f,1f],start_interpolation: 0,interpolation_duration: 1}