# This file was generated by Animated Java via MC-Build. It is not recommended to edit this file directly.
$data merge entity $(bone_leafw) {transformation: [-0.9962f,0.0872f,0f,0f,0.0808f,0.9237f,-0.3746f,-0.1086f,-0.0326f,-0.3732f,-0.9272f,-0.178f,0f,0f,0f,1f],start_interpolation: 0,interpolation_duration: 1}
$data merge entity $(bone_leafs) {transformation: [-1f,0f,0f,0f,0f,0.891f,-0.454f,-0.1086f,0f,-0.454f,-0.891f,-0.178f,0f,0f,0f,1f],start_interpolation: 0,interpolation_duration: 1}
$data merge entity $(bone_leafn) {transformation: [-1f,0f,0f,0f,0f,0.9563f,-0.2924f,-0.1086f,0f,-0.2924f,-0.9563f,-0.178f,0f,0f,0f,1f],start_interpolation: 0,interpolation_duration: 1}
$data merge entity $(bone_leafe) {transformation: [-0.9962f,-0.0872f,0f,0f,-0.0808f,0.9237f,-0.3746f,-0.1086f,0.0326f,-0.3732f,-0.9272f,-0.178f,0f,0f,0f,1f],start_interpolation: 0,interpolation_duration: 1}
$data merge entity $(bone_neck) {transformation: [-1f,0f,0f,0f,0f,0.9272f,-0.3746f,-0.2245f,0f,-0.3746f,-0.9272f,-0.1312f,0f,0f,0f,1f],start_interpolation: 0,interpolation_duration: 1}
$data merge entity $(bone_body) {transformation: [-1f,0f,0f,0f,0f,0.9272f,-0.3746f,-0.4562f,0f,-0.3746f,-0.9272f,-0.0375f,0f,0f,0f,1f],start_interpolation: 0,interpolation_duration: 1}
$data merge entity $(bone_left) {transformation: [-0.8676f,-0.332f,-0.3701f,0f,0.2504f,0.3515f,-0.9021f,-0.4562f,0.4295f,-0.8754f,-0.2218f,-0.0375f,0f,0f,0f,1f],start_interpolation: 0,interpolation_duration: 1}
$data merge entity $(bone_right) {transformation: [-0.9356f,0.1869f,0.2995f,0f,-0.2438f,0.2716f,-0.931f,-0.4562f,-0.2554f,-0.9441f,-0.2086f,-0.0375f,0f,0f,0f,1f],start_interpolation: 0,interpolation_duration: 1}