# This file was generated by Animated Java via MC-Build. It is not recommended to edit this file directly.
$data merge entity $(bone_leafw) {transformation: [-0.9952f,0.098f,0f,0f,0.089f,0.9038f,-0.4187f,-0.1438f,-0.041f,-0.4166f,-0.9081f,-0.1992f,0f,0f,0f,1f],start_interpolation: 0,interpolation_duration: 1}
$data merge entity $(bone_leafs) {transformation: [-1f,0f,0f,0f,0f,0.8627f,-0.5057f,-0.1438f,0f,-0.5057f,-0.8627f,-0.1992f,0f,0f,0f,1f],start_interpolation: 0,interpolation_duration: 1}
$data merge entity $(bone_leafn) {transformation: [-1f,0f,0f,0f,0f,0.9448f,-0.3276f,-0.1438f,0f,-0.3276f,-0.9448f,-0.1992f,0f,0f,0f,1f],start_interpolation: 0,interpolation_duration: 1}
$data merge entity $(bone_leafe) {transformation: [-0.9952f,-0.098f,0f,0f,-0.089f,0.9038f,-0.4187f,-0.1438f,0.041f,-0.4166f,-0.9081f,-0.1992f,0f,0f,0f,1f],start_interpolation: 0,interpolation_duration: 1}
$data merge entity $(bone_neck) {transformation: [-1f,0f,0f,0f,0f,0.9081f,-0.4187f,-0.2573f,0f,-0.4187f,-0.9081f,-0.1469f,0f,0f,0f,1f],start_interpolation: 0,interpolation_duration: 1}
$data merge entity $(bone_body) {transformation: [-1f,0f,0f,0f,0f,0.9081f,-0.4187f,-0.4844f,0f,-0.4187f,-0.9081f,-0.0422f,0f,0f,0f,1f],start_interpolation: 0,interpolation_duration: 1}
$data merge entity $(bone_left) {transformation: [-0.8336f,-0.4117f,-0.3683f,0f,0.299f,0.2243f,-0.9275f,-0.4844f,0.4645f,-0.8833f,-0.0639f,-0.0422f,0f,0f,0f,1f],start_interpolation: 0,interpolation_duration: 1}
$data merge entity $(bone_right) {transformation: [-0.9189f,0.2467f,0.3079f,0f,-0.2848f,0.1256f,-0.9503f,-0.4844f,-0.2731f,-0.9609f,-0.0451f,-0.0422f,0f,0f,0f,1f],start_interpolation: 0,interpolation_duration: 1}